0 0 0.589757707 0.951626860507 0.746148935224 0.676193172918 0.741864344624 0.826563801256 0.960272407895 0.989310202333 0.0896597443751 
0.0404899826997 0.0206344639543 0.589757707 0.923845522825 0.985511271586 0.974981440639 0.737490519778 0.958070747984 0.830927542172 0.734380632128 0.598069771868 
0.0165118490355 0.0123546832237 0.951626860507 0.923845522825 0.967657015864 0.935460528942 0.935004996459 0.981684347075 1.0 0.986579151213 0.406294744612 
0.0331758076116 0.0122530536819 0.746148935224 0.985511271586 0.967657015864 1.0 0.776923431695 0.969308777876 0.931643235892 0.893697367969 0.374491535377 
0.0399646688982 0.0066816920329 0.676193172918 0.974981440639 0.935460528942 1.0 0.649955840384 0.928302081144 0.817202792408 0.806228259025 0.205661451685 
0.00747579465086 0.0348608295983 0.741864344624 0.737490519778 0.935004996459 0.776923431695 0.649955840384 0.960498806812 0.958113567988 0.884870280827 0.862435332025 
0.0218327671017 0.0241233230931 0.826563801256 0.958070747984 0.981684347075 0.969308777876 0.928302081144 0.960498806812 0.973917686904 0.942262604935 0.711127073295 
0.00844283652339 0.0159239746321 0.960272407895 0.830927542172 1.0 0.931643235892 0.817202792408 0.958113567988 0.973917686904 1.0 0.484444424939 
0.00675833372338 0.0076051915547 0.989310202333 0.734380632128 0.986579151213 0.893697367969 0.806228259025 0.884870280827 0.942262604935 1.0 0.227707089176 
0.0219247932466 0.0619061240639 0.0896597443751 0.598069771868 0.406294744612 0.374491535377 0.205661451685 0.862435332025 0.711127073295 0.484444424939 0.227707089176 
